---
Terrain Height ft Valid 1200 GMT ~Z75~(1200Z)~Z~ Sun 23 11 2014 ~Z75~[12hrFcst from 00Z data]~Z~
Model= RASP Region= UK12+2 Grid= d2 Reskm= 12 Indexs= 1 57 1 90 Proj= lambert 12000 12000 60.0000 60.0000 17.0000 54.2976 -3.4798
Day= 2014 11 23 Sun ValidLST= 1200 GMT ValidZ= 1200 Fcst= 42 Init= 42Param= wrf=HGT Unit= ft Mult= 1 Min= 0 Max= 2470
0 1 2 3 4 3 2 1 1 0 0 0 0 0 0 0 0 0 0 1 7 15 24 33 44 45 39 22 11 3 0 0 0 0 1 4 12 21 31 44 51 57 67 74 96 127 170 220 283 320 319 321 299 262 209 180 183
0 0 0 0 0 0 0 0 0 0 0 0 0 0 0 0 0 0 0 1 4 9 15 21 28 29 24 13 6 1 1 0 0 0 0 1 3 5 8 12 12 9 12 12 34 66 116 177 256 300 300 300 275 233 176 142 142
0 0 0 0 0 0 0 1 2 3 4 2 1 0 0 0 0 0 0 0 2 5 8 12 16 16 13 7 4 1 2 0 0 0 1 0 0 0 0 0 0 0 0 0 11 30 81 146 231 277 277 270 242 199 143 109 108
0 0 0 0 0 0 0 0 1 1 0 0 0 0 1 3 3 3 1 0 2 3 5 6 8 8 7 4 3 1 2 2 1 0 0 0 0 0 0 0 0 0 0 0 11 26 70 129 212 253 254 233 201 160 112 82 82
0 0 0 0 0 0 0 0 0 0 0 0 0 0 0 0 0 0 0 0 0 0 0 0 0 0 0 0 0 0 0 0 0 0 0 0 0 0 0 0 0 0 0 0 11 25 61 110 182 215 215 188 156 120 82 58 58
0 1 1 3 3 2 1 1 0 0 0 0 0 0 0 0 0 0 0 0 0 0 0 0 0 0 0 0 0 0 0 0 0 2 4 7 9 11 13 15 16 16 14 14 20 27 49 92 161 186 162 123 110 82 54 38 38
0 1 3 6 7 4 1 0 0 0 0 0 0 0 0 0 0 0 0 0 0 0 0 0 0 0 0 0 0 0 0 0 0 3 8 12 17 21 28 40 31 28 23 21 24 28 39 73 122 102 70 69 62 44 30 21 21
0 2 6 11 13 11 7 4 2 1 0 0 0 0 1 2 2 2 1 0 0 0 0 0 1 1 1 0 0 7 19 12 8 14 19 24 28 33 70 116 79 47 39 30 29 29 29 39 54 37 39 34 29 19 13 10 10
1 4 9 17 21 20 16 11 7 6 6 7 9 11 13 20 14 12 8 5 3 4 4 5 8 9 20 10 7 41 83 36 16 22 27 51 67 62 107 172 170 138 82 40 57 81 59 18 14 16 17 12 8 4 3 3 3
1 6 13 24 33 33 35 23 15 6 7 9 11 14 44 108 76 14 8 5 3 5 4 6 18 47 49 23 22 55 63 30 35 82 113 139 168 163 157 228 281 220 117 100 208 278 166 26 9 7 7 5 4 2 1 1 1
1 6 14 26 36 54 99 74 23 11 0 0 0 34 209 335 207 21 0 0 0 0 0 83 147 124 38 35 104 67 3 53 169 252 282 195 153 216 243 285 296 203 167 250 313 278 137 17 5 0 0 0 0 0 0 0 0
1 6 13 23 35 69 142 151 109 119 75 53 40 161 537 676 406 140 38 21 27 16 121 330 367 258 133 110 176 137 69 149 290 356 332 226 193 257 312 326 290 251 268 281 181 76 24 5 3 0 0 0 0 0 0 0 0
1 4 9 15 25 49 94 135 208 311 302 324 274 324 847 1072 686 332 172 159 233 261 318 428 429 367 334 273 222 213 191 220 356 426 330 254 266 276 355 400 340 294 205 87 18 0 0 3 2 0 0 0 0 0 0 0 0
1 3 6 10 18 25 33 51 138 275 444 650 530 418 873 1120 732 369 223 274 447 458 349 283 280 351 461 400 278 285 270 299 430 436 325 248 185 165 238 258 192 153 86 0 0 0 0 3 2 0 0 0 0 0 0 0 0
1 2 3 6 10 16 21 28 35 80 315 613 527 401 565 647 506 386 331 345 445 391 202 129 217 386 494 452 383 387 391 417 409 294 227 204 128 85 104 88 53 105 167 106 16 0 0 3 3 2 1 1 1 1 0 0 0
0 1 1 4 4 6 8 12 18 17 57 172 274 402 428 347 347 466 624 599 414 238 80 113 335 442 402 426 481 481 501 494 366 253 237 214 162 130 151 146 120 191 252 172 44 0 1 4 4 2 1 2 2 1 0 0 0
0 0 0 2 0 0 0 2 10 11 0 0 103 385 405 294 392 718 963 791 365 98 23 194 437 396 278 299 416 505 527 514 400 318 363 376 323 267 245 220 189 222 241 185 101 45 21 8 9 7 5 4 3 2 0 0 0
0 0 0 1 0 0 0 0 4 7 1 0 61 202 166 175 472 855 856 465 110 0 2 184 343 318 302 269 288 409 459 433 336 262 331 436 471 436 344 260 250 269 254 230 189 129 77 40 26 18 11 8 4 1 0 0 0
0 0 0 0 0 0 0 0 2 3 0 0 14 14 13 122 300 377 232 38 0 0 0 41 127 192 323 392 335 320 320 291 248 211 228 300 406 473 394 285 304 315 267 256 245 215 171 114 83 53 25 14 6 0 0 0 0
0 0 0 0 0 0 0 0 0 0 0 1 0 0 3 46 43 0 0 0 93 159 59 0 86 126 208 398 477 418 345 332 327 270 230 233 297 359 301 237 259 252 228 246 256 242 210 162 129 86 40 18 7 0 0 0 1
0 0 0 0 0 0 0 0 0 0 0 0 0 1 0 0 0 0 23 255 438 431 367 321 283 234 186 248 407 495 508 506 462 381 327 288 260 248 213 195 191 161 157 200 211 173 151 153 134 90 48 21 7 0 0 0 1
0 0 0 0 0 0 0 0 0 0 0 0 0 0 0 9 23 0 112 574 825 784 840 701 402 343 313 199 214 354 486 495 450 462 462 373 254 213 220 204 153 110 99 118 122 99 105 136 120 76 45 22 7 0 0 0 1
0 0 0 0 0 0 0 0 0 0 0 0 0 0 0 10 126 176 286 651 972 1130 1158 903 560 390 296 239 240 250 294 311 318 407 486 442 315 252 243 195 126 84 68 63 63 81 132 155 111 64 41 22 7 0 0 0 1
0 0 0 0 0 0 0 0 0 0 1 0 0 0 15 51 183 306 375 668 1127 1274 1095 967 766 419 243 304 353 262 209 228 238 269 358 454 427 318 242 181 121 82 54 33 33 83 185 192 99 48 39 22 7 0 0 0 1
0 0 0 0 0 0 1 0 0 0 0 5 18 35 114 208 264 312 354 593 968 1070 925 842 724 416 285 380 333 239 269 305 291 271 279 377 440 367 286 205 118 77 46 11 8 79 193 191 119 73 45 21 7 0 0 0 1
0 0 0 0 0 0 1 0 0 0 0 25 100 204 378 472 436 406 479 608 767 958 945 865 819 549 369 412 353 285 361 414 379 354 293 271 347 419 394 246 118 67 32 4 3 57 134 125 123 97 46 18 7 0 0 0 0
0 0 0 0 0 0 0 0 0 0 0 21 125 332 573 613 518 489 591 755 997 1177 1009 979 1106 833 489 443 451 372 396 461 395 305 310 326 299 385 435 289 157 85 29 2 0 22 55 41 47 47 28 14 6 0 0 0 0
0 0 0 1 1 1 2 1 1 0 0 0 66 183 279 344 360 379 446 619 1030 1291 1090 1060 1179 949 643 535 472 359 375 465 393 250 319 413 288 273 351 298 217 129 44 5 0 0 5 6 10 13 12 8 4 1 0 0 0
0 0 0 0 0 0 0 0 0 0 1 0 9 10 0 28 76 83 136 297 783 1266 1194 1071 963 766 706 556 364 288 319 390 357 256 261 289 242 210 203 228 236 148 63 52 43 11 0 3 5 6 5 4 3 2 1 0 0
9 8 6 4 2 1 1 0 0 0 0 1 0 0 0 0 0 0 0 65 483 950 982 860 656 460 454 364 234 237 289 327 330 283 238 209 235 242 155 143 189 137 90 146 143 47 0 2 2 1 1 1 2 1 1 0 0
19 15 11 6 1 0 0 0 0 0 0 0 0 0 0 0 0 2 0 7 279 599 829 913 644 356 280 245 210 252 358 407 431 474 464 366 329 328 210 115 125 120 130 218 200 58 0 2 2 1 1 1 1 1 0 0 0
65 58 51 43 34 21 13 5 1 0 0 0 0 0 0 0 0 0 0 0 300 890 1214 1188 989 745 485 274 224 256 343 443 626 880 837 560 418 342 230 155 125 129 180 231 158 30 0 2 2 0 0 0 0 0 0 0 0
137 127 116 104 91 71 57 28 10 2 0 0 0 0 0 0 1 0 0 0 228 1051 1396 1201 1172 1148 765 307 191 203 197 328 755 1206 1071 632 395 289 220 167 121 133 200 197 79 0 0 2 2 0 0 0 0 0 0 0 0
242 227 212 196 177 152 132 80 25 5 0 0 0 0 0 0 0 15 63 28 158 725 1148 1159 1084 1063 913 415 132 168 121 190 579 1107 1270 909 442 235 177 100 51 91 168 132 24 0 0 2 2 0 0 0 0 0 0 0 0
338 320 302 281 259 262 233 165 81 14 0 1 0 0 0 0 0 28 125 173 250 755 1178 1063 905 845 798 397 61 112 93 108 244 749 1432 1291 571 217 137 49 11 55 145 74 3 1 0 3 2 0 0 0 0 0 0 0 0
426 408 387 360 338 367 353 284 213 75 0 0 1 0 0 0 0 10 42 59 189 826 1201 772 511 494 398 161 5 69 88 82 92 559 1253 1072 452 208 125 41 7 70 156 55 3 1 0 3 2 0 0 0 0 0 0 0 0
503 486 465 433 413 407 417 421 413 256 27 0 0 0 0 0 1 0 0 0 64 376 576 380 157 92 62 4 13 119 229 315 381 695 973 688 323 205 126 50 34 138 192 59 3 0 0 3 2 0 0 0 0 0 0 0 0
547 532 509 471 453 436 417 478 624 563 236 17 0 0 0 0 0 0 0 32 128 125 52 46 20 0 0 0 23 107 294 571 734 862 916 685 394 239 146 69 73 212 309 187 44 9 0 3 2 0 0 0 0 0 0 0 0
547 532 509 471 453 470 431 500 856 1074 693 109 0 0 0 0 0 0 0 47 146 133 9 0 0 0 0 0 2 29 151 379 571 788 905 724 486 292 140 69 92 238 365 301 140 33 0 3 2 0 0 0 0 0 0 0 0
537 532 503 451 438 459 430 494 856 1353 1178 278 0 0 0 0 0 0 1 14 32 26 4 0 0 0 0 0 0 2 85 298 525 722 761 765 729 419 127 90 165 215 247 241 130 21 0 3 2 0 0 0 0 0 0 0 0
501 498 468 418 407 415 421 464 591 966 1011 283 0 0 0 0 0 0 0 0 0 0 0 1 0 0 0 0 0 0 97 476 728 770 837 996 978 542 144 164 326 339 391 384 119 0 0 3 2 0 0 0 0 0 0 0 0
453 447 419 378 371 376 393 417 402 440 378 97 1 0 0 0 0 0 0 0 0 0 0 0 0 0 0 0 0 0 31 311 621 938 1271 1304 1016 519 160 241 548 707 722 537 124 0 0 2 2 0 0 0 0 0 0 0 0
395 380 359 336 331 343 359 352 331 268 166 91 22 0 0 0 0 0 0 0 0 0 0 0 0 0 0 2 0 0 0 71 420 1031 1494 1438 1021 539 210 221 571 807 614 282 47 0 0 1 1 0 0 0 0 0 0 0 0
342 325 310 300 300 329 365 336 294 258 253 199 56 0 0 0 0 0 0 2 0 0 0 0 1 0 0 0 41 108 74 104 375 885 1379 1475 1110 615 266 143 274 394 221 21 0 0 0 0 0 0 1 0 0 0 0 0 0
295 281 273 274 280 318 370 349 281 232 264 230 65 0 0 0 0 0 0 0 20 77 39 0 0 5 0 0 71 391 476 400 663 911 1141 1412 1156 630 335 223 133 45 1 0 0 1 0 0 0 0 1 0 0 0 0 0 0
257 251 250 258 274 310 353 373 321 225 243 228 58 0 0 0 1 0 0 0 39 204 321 245 54 0 0 0 76 669 1088 984 1022 869 878 1372 1288 811 503 389 279 42 0 0 1 0 0 0 0 0 0 0 0 0 0 0 0
238 237 243 255 274 291 316 366 398 331 230 130 58 67 9 0 0 2 0 0 2 91 412 541 164 0 0 0 132 820 1464 1495 1040 666 1007 1608 1561 1078 638 423 294 69 0 0 0 0 0 0 0 0 0 0 0 0 0 0 0
238 239 249 264 284 298 312 348 453 497 323 125 148 320 346 184 29 0 1 1 0 0 115 206 69 0 0 0 83 565 1223 1433 848 683 1412 1767 1478 965 533 339 173 22 0 0 0 0 0 0 0 0 0 0 0 0 0 0 0
252 259 270 285 303 329 344 362 429 490 447 367 336 409 687 633 172 42 7 0 1 0 0 0 0 3 0 0 0 173 568 761 446 538 1213 1376 1001 586 356 257 110 7 0 0 0 0 0 0 0 0 0 0 0 0 0 0 0
263 273 287 304 323 334 339 335 333 373 454 544 505 356 525 626 287 48 19 2 0 0 0 7 17 0 15 45 20 18 81 107 67 230 600 785 646 456 412 288 91 5 0 0 0 0 0 0 0 0 0 0 0 0 0 0 0
263 275 299 321 341 365 352 314 324 379 442 473 440 293 277 353 256 130 58 6 0 0 3 25 85 31 83 174 125 90 20 9 88 199 446 720 670 518 510 400 166 15 0 0 0 0 0 0 0 0 0 0 0 0 0 0 0
263 275 299 335 358 423 405 325 361 430 442 356 262 215 215 283 281 141 40 9 0 5 12 80 125 125 240 274 271 276 159 204 380 493 707 986 999 805 664 506 256 39 0 0 0 0 0 0 0 0 0 0 0 0 0 0 0
260 275 299 336 368 423 421 375 442 461 428 391 240 171 179 327 449 216 17 4 0 9 105 227 246 417 588 437 375 395 330 414 668 855 926 1029 1103 1203 1131 631 221 49 0 0 0 0 0 0 0 0 0 0 0 0 0 0 0
235 247 278 328 368 415 396 428 584 567 490 514 362 220 166 292 566 486 125 0 0 5 149 411 537 822 981 797 619 594 665 699 920 1036 902 774 676 1014 1205 598 129 36 0 0 0 0 0 0 0 0 0 0 0 0 0 0 0
196 201 240 305 366 446 453 495 636 633 559 711 698 365 153 293 702 730 198 0 0 0 92 386 669 973 1163 1253 1071 924 1115 1206 1329 1258 894 546 356 499 592 316 53 0 0 0 0 0 0 0 0 0 0 0 0 0 0 0 0
152 157 204 281 355 438 528 600 620 565 623 845 905 537 234 417 780 674 148 0 0 0 4 111 420 774 999 1211 1174 1095 1288 1443 1482 1364 1036 634 467 402 262 161 34 0 1 0 0 0 0 0 0 0 0 0 0 0 0 0 0
104 113 167 255 339 410 545 614 509 432 565 668 730 609 337 418 659 485 92 0 0 0 0 0 83 362 549 729 973 1091 1022 1028 1084 1107 1102 964 889 755 444 193 32 0 0 0 0 0 0 0 0 0 0 0 0 0 0 0 0
49 72 133 230 320 418 585 590 404 290 288 330 404 388 230 205 337 296 60 9 55 0 12 74 11 29 172 479 926 962 665 698 914 985 952 960 1015 838 443 130 4 0 0 0 0 0 0 0 0 0 0 0 0 0 0 0 0
15 40 100 194 280 360 548 623 455 212 146 241 264 199 89 30 51 73 10 43 218 151 231 478 189 0 71 449 777 638 497 721 927 812 514 408 436 330 135 13 0 0 0 0 0 0 0 0 0 0 0 0 0 0 0 0 0
0 17 69 150 224 265 406 564 490 195 171 398 396 225 49 0 0 0 0 0 248 447 464 594 224 30 366 467 355 249 358 571 546 316 119 7 6 15 0 0 0 0 0 0 0 0 0 0 0 0 0 0 0 0 0 0 0
0 7 42 97 148 168 212 306 318 130 99 286 258 98 8 0 0 10 23 0 105 353 379 337 52 229 689 434 288 493 493 312 119 138 200 102 74 85 20 0 0 0 0 0 0 0 0 0 0 0 0 0 0 0 0 0 0
0 0 22 57 90 100 98 89 90 36 7 31 7 0 0 1 0 21 108 101 0 69 256 279 250 423 483 321 557 897 645 276 377 578 471 324 341 250 42 0 0 0 0 0 0 0 0 0 0 0 0 0 0 0 0 0 0
1 0 8 28 45 50 50 38 23 8 0 0 0 0 1 0 0 26 152 401 262 85 236 347 572 687 509 531 575 499 433 552 816 752 476 360 270 114 8 0 0 1 0 0 0 0 0 0 0 0 0 0 0 0 0 0 0
0 0 3 11 18 20 20 15 9 3 0 0 0 0 0 0 0 0 100 441 539 257 185 339 581 813 953 1067 859 604 730 921 815 501 297 259 185 123 116 47 0 0 2 0 0 0 0 0 0 0 0 0 0 0 0 0 0
0 0 0 0 0 0 0 0 0 0 0 0 0 0 0 0 0 0 19 102 251 251 122 296 614 680 990 1437 1400 1228 1118 1126 1190 834 356 250 335 348 255 151 52 0 0 2 0 0 0 0 0 0 0 0 0 0 0 0 0
0 0 0 0 0 0 0 0 0 0 0 0 0 0 0 0 0 1 0 0 28 52 0 146 519 670 1044 1429 1507 1477 1279 1361 1532 1179 720 569 570 591 506 373 311 135 0 0 1 0 0 0 0 0 0 0 0 0 0 0 0
0 0 0 0 0 0 0 0 0 0 0 0 0 0 0 0 0 0 0 8 15 30 48 64 220 744 1304 1359 1432 1593 1494 1398 1145 1014 1174 1270 1290 1289 1215 941 658 376 76 0 0 0 0 0 0 0 0 0 0 0 0 0 0
0 0 0 0 0 0 0 0 0 0 0 0 0 0 0 0 0 0 0 11 33 118 217 148 79 463 1127 1392 1392 1447 1496 1381 1068 1181 1693 1938 1942 1819 1621 1233 720 468 265 27 0 1 0 0 0 0 0 0 0 0 0 0 0
0 0 0 0 0 0 0 0 0 0 0 0 0 0 0 0 0 0 0 0 28 193 313 362 376 380 719 1247 1580 1571 1598 1683 1574 1806 2289 2363 2080 1778 1474 1008 573 453 368 113 0 0 1 0 0 0 0 0 0 0 0 0 0
0 0 0 0 0 0 0 0 0 0 0 0 0 0 0 0 0 0 1 0 37 249 454 633 735 663 599 957 1550 1705 1683 1701 1629 1812 2217 2470 2314 1859 1479 1096 704 474 349 192 43 1 0 0 0 0 0 0 0 0 0 0 0
0 0 0 0 0 0 0 0 0 0 0 0 0 0 0 0 0 0 0 0 16 75 276 474 523 742 904 891 1004 1335 1670 1772 1695 1515 1515 1809 1969 1810 1633 1325 855 529 361 264 154 35 0 0 0 0 0 0 0 0 0 0 0
0 0 0 0 0 0 0 0 0 0 0 0 0 0 0 0 0 0 0 2 0 0 0 30 95 625 1221 1184 993 1084 1310 1614 1942 1892 1435 1173 1206 1325 1454 1211 739 466 379 378 244 41 0 0 0 0 1 0 0 0 0 0 0
0 0 0 0 0 0 0 0 0 0 0 0 0 0 0 0 0 0 0 0 0 62 136 35 5 422 1088 1391 1316 1034 819 917 1384 1743 1510 1189 981 922 994 893 653 382 271 325 204 19 0 0 0 0 1 0 0 0 0 0 0
0 0 0 0 0 0 0 0 0 0 0 0 0 0 0 0 0 0 0 0 0 168 376 176 75 247 680 1240 1495 1312 949 671 612 753 870 844 697 696 640 464 431 281 90 70 49 3 0 0 0 0 2 0 0 0 0 0 0
0 0 0 0 0 0 0 0 0 0 0 0 0 0 0 0 2 0 0 0 0 76 182 189 200 133 223 787 1472 1776 1484 828 243 102 213 192 183 280 245 93 70 67 0 0 0 0 1 0 0 0 1 0 0 0 0 0 0
0 0 0 0 0 0 0 0 0 0 0 0 0 0 0 1 2 8 15 5 9 0 19 330 358 104 73 511 1276 1670 1446 918 425 268 218 44 0 0 0 0 0 0 0 1 0 0 0 0 0 0 0 0 0 0 0 0 0
0 0 0 0 0 0 0 0 0 0 0 0 0 0 0 0 0 29 71 28 0 5 175 453 394 158 233 716 1308 1335 1023 928 1035 993 596 124 0 0 0 0 1 0 0 0 0 0 0 0 0 0 0 0 0 0 0 0 0
0 0 0 0 0 0 0 0 0 0 0 0 0 0 0 0 0 28 69 26 0 76 290 520 541 201 155 619 1178 1430 1292 1333 1568 1339 710 226 62 0 0 0 1 1 0 0 0 0 0 0 0 0 0 0 0 0 0 0 0
0 0 0 0 0 0 0 0 0 0 0 0 0 0 0 0 0 5 16 9 0 35 108 340 509 163 0 204 656 1207 1323 1475 1471 910 493 456 428 255 108 19 0 0 0 1 0 0 0 0 0 0 0 0 0 0 0 0 0
0 0 0 0 0 0 0 0 0 0 0 0 0 0 0 0 1 0 11 42 25 0 0 49 150 45 14 68 159 421 724 995 910 516 497 761 710 632 584 285 79 31 1 0 0 0 0 0 0 0 0 0 0 0 0 0 0
0 0 0 0 0 0 0 0 0 0 0 0 0 0 0 0 0 1 22 59 36 20 21 12 11 13 29 48 35 51 361 729 816 692 761 913 749 701 746 499 275 115 6 1 1 0 0 0 0 0 0 0 0 0 0 0 0
0 0 0 0 0 0 0 0 0 0 0 0 0 0 0 0 0 3 12 29 30 42 84 134 116 49 20 21 31 56 181 494 729 779 827 820 684 649 611 428 258 107 27 4 0 0 0 0 0 0 0 0 0 0 0 0 0
0 0 0 0 0 0 0 0 0 0 0 0 0 0 0 0 0 5 10 23 38 63 175 316 253 76 23 10 10 36 90 231 440 636 717 691 614 537 426 284 165 75 51 21 0 0 0 1 0 0 0 0 0 0 0 0 0
0 0 0 0 0 0 0 0 0 0 0 0 0 0 0 0 0 5 10 26 47 96 208 255 169 83 30 13 0 10 56 120 298 522 557 500 447 366 273 179 113 63 41 22 7 4 2 2 0 0 0 0 0 0 0 0 0
0 0 0 0 0 0 0 0 0 0 0 0 0 0 0 0 0 3 6 21 43 83 130 130 106 101 69 15 0 5 33 83 177 311 328 291 261 220 171 116 76 51 43 34 24 14 8 4 2 0 0 0 0 0 0 0 0
0 0 0 0 0 0 0 0 0 0 0 0 0 0 0 0 0 2 2 15 36 67 87 90 90 90 64 21 0 0 10 43 90 158 191 191 169 140 108 72 50 41 44 41 35 21 12 6 2 0 0 0 0 0 0 0 0
0 0 0 0 0 0 0 0 0 0 0 0 0 0 0 0 0 1 0 7 21 42 58 63 69 75 59 21 7 1 2 10 34 73 91 89 71 55 39 25 19 24 35 38 34 21 12 6 2 0 0 0 0 0 0 0 0
0 0 0 0 0 0 0 0 0 0 0 0 0 0 0 1 1 1 0 3 8 16 25 31 41 45 37 18 7 2 0 4 14 30 37 37 31 25 19 12 9 12 21 24 22 15 9 5 2 0 0 0 0 0 0 0 0
0 0 0 0 0 0 0 0 0 0 0 0 0 0 0 1 1 0 0 0 0 0 4 10 21 24 23 15 9 5 2 0 0 0 0 0 0 0 0 0 0 4 11 14 14 10 7 4 2 0 0 0 0 0 0 0 0
0 0 0 0 0 0 0 0 0 0 0 0 0 0 0 1 1 0 0 0 0 0 0 0 7 10 12 10 8 5 4 1 0 0 0 0 0 0 0 0 0 0 4 6 7 5 4 2 1 0 0 1 1 1 2 2 2
